# Pt[#]-----	V(AC)[mV]---	Freq[Hz]----	SetCyc[#]---	R[Ohm]------	X[Ohm]------	|Z|[Ohm]----	ZPhase[d]---	G[S]--------	B[S]--------	|Y|[S]------	YPhase[d]---	CReal[F]----	CImag[F]----	|C|[F]------	CPhase[d]---	LReal[H]----	LImag[H]----	|L|[H]------	LPhase[d]---
+0.00000e+00	+9.98700e+01	+1.00000e+01	+0.00000e+00	+2.89607e+05	-8.57112e+04	+3.02024e+05	-1.64865e+01	+3.17487e-06	+9.39626e-07	+3.31100e-06	+1.64865e+01	+1.49546e-08	-5.05296e-08	+5.26961e-08	-7.35135e+01	-1.36414e+03	-4.60923e+03	+4.80686e+03	-1.06486e+02
+1.00000e+00	+9.98700e+01	+1.58000e+01	+0.00000e+00	+2.78110e+05	-8.95625e+04	+2.92176e+05	-1.78506e+01	+3.25783e-06	+1.04915e-06	+3.42259e-06	+1.78506e+01	+1.05682e-08	-3.28164e-08	+3.44761e-08	-7.21494e+01	-9.02172e+02	-2.80143e+03	+2.94312e+03	-1.07851e+02
+2.00000e+00	+9.98700e+01	+2.51000e+01	+0.00000e+00	+2.45186e+05	-9.61517e+04	+2.63366e+05	-2.14130e+01	+3.53491e-06	+1.38624e-06	+3.79700e-06	+2.14130e+01	+8.78992e-09	-2.24143e-08	+2.40762e-08	-6.85870e+01	-6.09682e+02	-1.55469e+03	+1.66996e+03	-1.11413e+02
+3.00000e+00	+9.98700e+01	+3.98000e+01	+0.00000e+00	+2.17018e+05	-9.71258e+04	+2.37761e+05	-2.41108e+01	+3.83897e-06	+1.71812e-06	+4.20591e-06	+2.41108e+01	+6.87055e-09	-1.53516e-08	+1.68189e-08	-6.58892e+01	-3.88393e+02	-8.67825e+02	+9.50773e+02	-1.14111e+02
+4.00000e+00	+9.98700e+01	+6.31000e+01	+0.00000e+00	+1.91981e+05	-8.96656e+04	+2.11888e+05	-2.50352e+01	+4.27607e-06	+1.99716e-06	+4.71947e-06	+2.50352e+01	+5.03737e-09	-1.07854e-08	+1.19038e-08	-6.49648e+01	-2.26160e+02	-4.84226e+02	+5.34438e+02	-1.15035e+02
+5.00000e+00	+9.98700e+01	+1.00000e+02	+0.00000e+00	+1.44505e+05	-1.04488e+05	+1.78324e+05	-3.58698e+01	+4.54426e-06	+3.28585e-06	+5.60778e-06	+3.58698e+01	+5.22959e-09	-7.23242e-09	+8.92505e-09	-5.41302e+01	-1.66298e+02	-2.29987e+02	+2.83811e+02	-1.25870e+02
+6.00000e+00	+9.98700e+01	+1.58500e+02	+0.00000e+00	+1.14598e+05	-9.93105e+04	+1.51642e+05	-4.09123e+01	+4.98355e-06	+4.31875e-06	+6.59450e-06	+4.09123e+01	+4.33660e-09	-5.00414e-09	+6.62175e-09	-4.90877e+01	-9.97208e+01	-1.15071e+02	+1.52268e+02	-1.30912e+02
+7.00000e+00	+9.98700e+01	+2.51200e+02	+0.00000e+00	+7.13395e+04	-8.77151e+04	+1.13063e+05	-5.08782e+01	+5.58070e-06	+6.86171e-06	+8.84462e-06	+5.08782e+01	+4.34743e-09	-3.53581e-09	+5.60376e-09	-3.91218e+01	-5.55744e+01	-4.51992e+01	+7.16344e+01	-1.40878e+02
+8.00000e+00	+9.98700e+01	+3.98100e+02	+0.00000e+00	+4.62070e+04	-7.51539e+04	+8.82224e+04	-5.84155e+01	+5.93676e-06	+9.65592e-06	+1.13350e-05	+5.84155e+01	+3.86031e-09	-2.37344e-09	+4.53157e-09	-3.15845e+01	-3.00455e+01	-1.84729e+01	+3.52701e+01	-1.48415e+02
+9.00000e+00	+9.98700e+01	+6.31000e+02	+1.00000e+00	+3.23987e+04	-5.42213e+04	+6.31634e+04	-5.91405e+01	+8.12075e-06	+1.35906e-05	+1.58319e-05	+5.91405e+01	+3.42791e-09	-2.04827e-09	+3.99324e-09	-3.08595e+01	-1.36760e+01	-8.17181e+00	+1.59315e+01	-1.49141e+02
+1.00000e+01	+9.98700e+01	+1.00000e+03	+1.00000e+00	+1.85131e+04	-4.08466e+04	+4.48462e+04	-6.56183e+01	+9.20511e-06	+2.03098e-05	+2.22985e-05	+6.56183e+01	+3.23240e-09	-1.46504e-09	+3.54891e-09	-2.43817e+01	-6.50093e+00	-2.94645e+00	+7.13749e+00	-1.55618e+02
+1.10000e+01	+9.98700e+01	+1.58490e+03	+2.00000e+00	+1.13398e+04	-2.90154e+04	+3.11526e+04	-6.86535e+01	+1.16847e-05	+2.98979e-05	+3.21001e-05	+6.86535e+01	+3.00233e-09	-1.17337e-09	+3.22348e-09	-2.13465e+01	-2.91371e+00	-1.13873e+00	+3.12833e+00	-1.58654e+02
+1.20000e+01	+9.98700e+01	+2.51190e+03	+3.00000e+00	+7.10147e+03	-2.01010e+04	+2.13186e+04	-7.05423e+01	+1.56254e-05	+4.42284e-05	+4.69074e-05	+7.05423e+01	+2.80233e-09	-9.90030e-10	+2.97207e-09	-1.94577e+01	-1.27361e+00	-4.49952e-01	+1.35076e+00	-1.60542e+02
+1.30000e+01	+9.98700e+01	+3.98110e+03	+4.00000e+00	+4.32170e+03	-1.36882e+04	+1.43542e+04	-7.24778e+01	+2.09746e-05	+6.64333e-05	+6.96658e-05	+7.24778e+01	+2.65585e-09	-8.38515e-10	+2.78507e-09	-1.75222e+01	-5.47223e-01	-1.72771e-01	+5.73849e-01	-1.62478e+02
+1.40000e+01	+9.98700e+01	+6.30960e+03	+6.00000e+00	+3.15094e+03	-9.39296e+03	+9.90738e+03	-7.14556e+01	+3.21013e-05	+9.56941e-05	+1.00935e-04	+7.14556e+01	+2.41381e-09	-8.09732e-10	+2.54601e-09	-1.85444e+01	-2.36930e-01	-7.94801e-02	+2.49906e-01	-1.61456e+02
+1.50000e+01	+9.98700e+01	+1.00000e+04	+1.00000e+01	+2.29508e+03	-6.27990e+03	+6.68615e+03	-6.99244e+01	+5.13389e-05	+1.40476e-04	+1.49563e-04	+6.99244e+01	+2.23574e-09	-8.17083e-10	+2.38037e-09	-2.00756e+01	-9.99477e-02	-3.65273e-02	+1.06413e-01	-1.59924e+02
+1.60000e+01	+9.98700e+01	+1.58489e+04	+1.60000e+01	+1.69559e+03	-4.30159e+03	+4.62371e+03	-6.84868e+01	+7.93121e-05	+2.01209e-04	+2.16277e-04	+6.84868e+01	+2.02055e-09	-7.96454e-10	+2.17185e-09	-2.15132e+01	-4.31966e-02	-1.70271e-02	+4.64314e-02	-1.58487e+02
+1.70000e+01	+9.98700e+01	+2.51188e+04	+2.50000e+01	+1.29034e+03	-2.91797e+03	+3.19054e+03	-6.61448e+01	+1.26758e-04	+2.86651e-04	+3.13427e-04	+6.61448e+01	+1.81625e-09	-8.03152e-10	+1.98590e-09	-2.38552e+01	-1.84885e-02	-8.17571e-03	+2.02155e-02	-1.56145e+02
+1.80000e+01	+9.98700e+01	+3.98106e+04	+4.00000e+01	+9.77950e+02	-1.91076e+03	+2.14648e+03	-6.28961e+01	+2.12257e-04	+4.14716e-04	+4.65878e-04	+6.28961e+01	+1.65795e-09	-8.48561e-10	+1.86249e-09	-2.71039e+01	-7.63884e-03	-3.90965e-03	+8.58122e-03	-1.52896e+02
+1.90000e+01	+9.98700e+01	+6.30956e+04	+6.30000e+01	+8.45390e+02	-1.28672e+03	+1.53959e+03	-5.66946e+01	+3.56655e-04	+5.42844e-04	+6.49524e-04	+5.66946e+01	+1.36929e-09	-8.99640e-10	+1.63839e-09	-3.33054e+01	-3.24568e-03	-2.13245e-03	+3.88352e-03	-1.46695e+02
+2.00000e+01	+9.98700e+01	+9.99997e+04	+1.00000e+02	+5.84480e+02	-8.75050e+02	+1.05230e+03	-5.62595e+01	+5.27828e-04	+7.90235e-04	+9.50302e-04	+5.62595e+01	+1.25770e-09	-8.40068e-10	+1.51246e-09	-3.37405e+01	-1.39269e-03	-9.30232e-04	+1.67479e-03	-1.46259e+02